00000011101110 
00000001110011 
00000100101000 
11111111010010 
00000011101101 
11111110001100 
00000001101001 
11111110000101 
11111111101100 
11111110010101 
00000000011100 
11111111100001 
00000000001000 
00000101011011 
00000000101100 
00000011110110 
11111100110001 
00000011010010 
11111100001001 
00000001101011 
11111110010111 
11111111110101 
11111110101111 
11111111111011 
11111111100000 
11111111010100 
00000010101010 
00000000001111 
00000011001110 
11111110001111 
00000010100001 
11111011111011 
00000000111110 
11111101111011 
11111111111110 
11111110001001 
11111111110011 
11111110101110 
11111111101111 
00000001101110 
11111110001101 
00000100111101 
00000000000000 
00000010000111 
11111001111111 
00000001000011 
11111101011110 
00000000011011 
11111100110101 
11111111001010 
11111110010100 
00000000001000 
00000011111100 
11111100101111 
00000100001110 
11111110100100 
00000010000010 
11111101111000 
00000001100000 
11111101110011 
00000000001100 
11111110000100 
00000000011111 
11111111101100 
11111111111110 
00000100010110 
11111101001001 
00000010001011 
11111101000010 
00000010100100 
11111011110000 
00000001111010 
11111101000101 
00000000110110 
11111110010101 
00000000111110 
11111111010011 
00000000000010 
00000101011000 
11111101110001 
00000010011011 
11111100001000 
00000000000000 
11111100000100 
00000010110010 
11111101100111 
00000000000010 
11111101101000 
11111111111100 
11111111101010 
11111111100101 
00000110000011 
11111010011000 
11111111110000 
11111011110000 
00000000101000 
11111011011011 
00000010000010 
11111011111011 
00000000101000 
11111110000000 
00000000010000 
11111111001110 
11111111100000 
00000000101111 
11111110100100 
00000010110001 
11111101000010 
00000001101001 
11111100110000 
00000000101111 
11111101110000 
00000001010110 
11111110011100 
00000001000100 
11111111001111 
00000000010110 
00000000010111 
11111110001111 
00000110000100 
00000000010110 
00000011100010 
11111011110100 
00000000101111 
11111101110100 
00000000101010 
11111101111010 
11111111111001 
11111110111010 
00000000010010 
00000000010110 
11111011100110 
00000001011011 
11111101011101 
00000001101001 
11111101110101 
00000001010011 
11111111000010 
00000000101101 
11111110101010 
00000001101000 
11111111111000 
00000000000100 
11111011010001 
11111000111101 
00000100111101 
11111101100001 
00000011011100 
11111101110110 
00000010101000 
11111110000001 
00000001010101 
11111101100101 
00000001111101 
11111111010010 
00000001000101 
00000000000000 
00000000000000 
00000000000000 
00000000000000 
00000000000000 
00000000000000 
00000000000000 
00000000000000 
00000000000000 
00000000000000 
00000000000000 
00000000000000 
00000000000000 
11111100000111 
11111101101111 
00000110010001 
11111110010111 
00000011000010 
11111101110010 
00000001100110 
11111101110010 
00000001011101 
11111101101011 
00000000110011 
11111110101110 
00000001000101 
11111100110110 
11111101001000 
00000010010011 
11111110100111 
00000001000110 
11111110000101 
00000001010110 
11111110000100 
00000001010101 
11111110010010 
00000000111001 
11111111010011 
00000000011000 
11110111101001 
11111011101110 
00000110001001 
11111011011110 
00000011111010 
11111101101110 
00000010010111 
11111101000101 
00000010100111 
11111101101110 
00000010001000 
11111110011100 
00000001101001 
