011111110 
011111010 
011110001 
011100100 
011010100 
010111111 
010101000 
010001101 
001110000 
001010001 
000110001 
000010000 
111110000 
111001111 
110101111 
110010000 
101110011 
101011000 
101000001 
100101100 
100011100 
100001111 
100000110 
100000010 
011111100 
011101011 
011001010 
010011011 
001100001 
000100001 
111011111 
110011111 
101100101 
100110110 
100010101 
100000100 
100000100 
100010101 
100110110 
101100101 
110011111 
111011111 
000100001 
001100001 
010011011 
011001010 
011101011 
011111100 
011111010 
011010100 
010001101 
000110001 
111001111 
101110011 
100101100 
100000110 
100000110 
100101100 
101110011 
111001111 
000110001 
010001101 
011010100 
011111010 
011111010 
011010100 
010001101 
000110001 
111001111 
101110011 
100101100 
100000110 
011110110 
010110100 
001000001 
110111111 
101001100 
100001010 
100001010 
101001100 
110111111 
001000001 
010110100 
011110110 
011110110 
010110100 
001000001 
110111111 
101001100 
100001010 
100001010 
101001100 
110111111 
001000001 
010110100 
011110110 
011110001 
010001101 
111110000 
101011000 
100000110 
100011100 
110010000 
000110001 
010111111 
011111110 
011010100 
001010001 
110101111 
100101100 
100000010 
101000001 
111001111 
001110000 
011100100 
011111010 
010101000 
000010000 
101110011 
100001111 
011101011 
001100001 
110011111 
100010101 
100010101 
110011111 
001100001 
011101011 
011101011 
001100001 
110011111 
100010101 
100010101 
110011111 
001100001 
011101011 
011101011 
001100001 
110011111 
100010101 
100010101 
110011111 
001100001 
011101011 
011100100 
000110001 
101011000 
100000010 
101110011 
001010001 
011110001 
011010100 
000010000 
101000001 
100000110 
110010000 
001110000 
011111010 
010111111 
111110000 
100101100 
100001111 
110101111 
010001101 
011111110 
010101000 
111001111 
100011100 
011011100 
000000000 
100100100 
100100100 
000000000 
011011100 
011011100 
000000000 
100100100 
100100100 
000000000 
011011100 
011011100 
000000000 
100100100 
100100100 
000000000 
011011100 
011011100 
000000000 
100100100 
100100100 
000000000 
011011100 
011010100 
111001111 
100000110 
101110011 
010001101 
011111010 
000110001 
100101100 
100101100 
000110001 
011111010 
010001101 
101110011 
100000110 
111001111 
011010100 
011010100 
111001111 
100000110 
101110011 
010001101 
011111010 
000110001 
100101100 
011001010 
110011111 
100000100 
111011111 
011101011 
010011011 
101100101 
100010101 
000100001 
011111100 
001100001 
100110110 
100110110 
001100001 
011111100 
000100001 
100010101 
101100101 
010011011 
011101011 
111011111 
100000100 
110011111 
011001010 
010111111 
101110011 
100011100 
001010001 
011111010 
111110000 
100000010 
111001111 
011110001 
001110000 
100101100 
101011000 
010101000 
011010100 
110010000 
100001111 
000110001 
011111110 
000010000 
100000110 
110101111 
011100100 
010001101 
101000001 
010110100 
101001100 
101001100 
010110100 
010110100 
101001100 
101001100 
010110100 
010110100 
101001100 
101001100 
010110100 
010110100 
101001100 
101001100 
010110100 
010110100 
101001100 
101001100 
010110100 
010110100 
101001100 
101001100 
010110100 
010101000 
100101100 
110010000 
011110001 
000110001 
100000010 
000010000 
011111010 
110101111 
100011100 
010001101 
010111111 
101000001 
101110011 
011100100 
001010001 
100000110 
111110000 
011111110 
111001111 
100001111 
001110000 
011010100 
101011000 
