0
1
2
4
5
6
8
9
10
12
13
14
16
17
18
20
21
22
23
25
26
27
29
30
31
33
34
35
36
38
39
40
42
43
44
45
47
48
49
50
52
53
54
55
56
58
59
60
61
62
64
65
66
67
68
69
70
71
73
74
75
76
77
78
79
80
81
82
83
84
85
86
87
88
89
90
91
92
93
94
95
96
96
97
98
99
100
101
101
102
103
104
105
105
106
107
108
108
109
110
110
111
112
112
113
114
114
115
115
116
116
117
117
118
119
119
119
120
120
121
121
122
122
122
123
123
123
124
124
124
125
125
125
125
126
126
126
126
126
127
127
127
127
127
127
127
127
127
127
127
128
127
127
127
127
127
127
127
127
127
127
127
126
126
126
126
126
125
125
125
125
124
124
124
123
123
123
122
122
122
121
122
122
122
123
123
123
124
124
124
125
125
125
125
126
126
126
126
126
127
127
127
127
127
127
127
127
127
127
127
128
127
127
127
127
127
127
127
127
127
127
127
126
126
126
126
126
125
125
125
125
124
124
124
123
123
123
122
122
122
121
122
122
122
123
123
123
124
124
124
125
125
125
125
126
126
126
126
126
127
127
127
127
127
127
127
127
127
127
127
128
127
127
127
127
127
127
127
127
127
127
127
126
126
126
126
126
125
125
125
125
124
124
124
123
123
123
122
122
122
121
122
122
122
123
123
123
124
124
124
125
125
125
125
126
126
126
126
126
127
127
127
127
127
127
127
127
127
127
127
128
127
127
127
127
127
127
127
127
127
127
127
126
126
126
126
126
125
125
125
125
124
124
124
123
123
123
122
122
122
121
122
122
122
123
123
123
124
124
124
125
125
125
125
126
126
126
126
126
127
127
127
127
127
127
127
127
127
127
127
128
127
127
127
127
127
127
127
127
127
127
127
126
126
126
126
126
125
125
125
125
124
124
124
123
123
123
122
122
122
121
122
122
122
123
123
123
124
124
124
125
125
125
125
126
126
126
126
126
127
127
127
127
127
127
127
127
127
127
127
128
127
127
127
127
127
127
127
127
127
127
127
126
126
126
126
126
125
125
125
125
124
124
124
123
123
123
122
122
122
121
121
120
120
119
119
119
118
117
117
116
116
115
115
114
114
113
112
112
111
110
110
109
108
108
107
106
105
105
104
103
102
101
101
100
99
98
97
96
96
95
94
93
92
91
90
89
88
87
86
85
84
83
82
81
80
79
78
77
76
75
74
73
71
70
69
68
67
66
65
64
62
61
60
59
58
56
55
54
53
52
50
49
48
47
45
44
43
42
40
39
38
36
35
34
33
31
30
29
27
26
25
23
22
21
20
18
17
16
14
13
12
10
9
8
6
5
4
2
1
