 1022
  1175
  1325
  1469
  1605
  1733
  1853
  1966
  2069
  2162
  2242
  2309
  2365
  2410
  2442
  2461
  2470
  2469
  2458
  2437
  2410
  2375
  2332
  2279
  2218
  2150
  2074
  1989
  1895
  1794
  1686
  1571
  1449
  1323
  1193
  1059
   921
   780
   637
   493
   345
   194
    39
  -118
  -276
  -435
  -594
  -752
  -908
 -1060
 -1207
 -1349
 -1485
 -1615
 -1739
 -1855
 -1963
 -2063
 -2154
 -2237
 -2311
 -2377
 -2434
 -2480
 -2517
 -2544
 -2561
 -2567
 -2562
 -2546
 -2518
 -2480
 -2433
 -2379
 -2317
 -2250
 -2178
 -2101
 -2019
 -1933
 -1842
 -1745
 -1643
 -1537
 -1424
 -1305
 -1182
 -1054
  -920
  -782
  -641
  -497
  -350
  -203
   -55
    93
   241
   387
   532
   677
   815
   950
  1083
  1213
  1335
  1451
  1560
  1662
  1755
  1840
  1916
  1980
  2036
  2082
  2118
  2143
  2163
  2178
  2183
  2181
  2176
  2165
  2147
  2122
  2089
  2049
  2003
  1953
  1895
  1829
  1758
  1683
  1601
  1514
  1423
  1328
  1227
  1124
  1018
   909
   799
   687
   573
   457
   341
   224
   105
   -12
  -129
  -246
  -362
  -472
  -577
  -679
  -777
  -871
  -960
 -1044
 -1122
 -1193
 -1261
 -1326
 -1384
 -1436
 -1483
 -1525
 -1560
 -1589
 -1613
 -1629
 -1637
 -1637
 -1631
 -1620
 -1603
 -1581
 -1553
 -1522
 -1488
 -1454
 -1420
 -1382
 -1342
 -1301
 -1257
 -1209
 -1155
 -1095
 -1029
  -954
  -873
  -787
  -696
  -599
  -497
  -393
  -286
  -177
   -66
    46
   161
   278
   395
   511
   627
   742
   854
   963
  1068
  1167
  1259
  1346
  1425
  1497
  1560
  1613
  1658
  1692
  1718
  1735
  1745
  1746
  1738
  1726
  1708
  1683
  1653
  1617
  1574
  1526
  1474
  1417
  1355
  1288
  1218
  1145
  1069
   990
   908
   822
   732
   641
   545
   445
   342
   236
   127
    15
   -98
  -212
  -328
  -444
  -561
  -678
  -793
  -905
 -1014
 -1121
 -1224
 -1320
 -1411
 -1497
 -1576
 -1649
 -1717
 -1779
 -1833
 -1881
 -1923
 -1957
 -1983
 -2002
 -2013
 -2016
 -2011
 -2000
 -1983
 -1959
 -1928
 -1891
 -1847
 -1798
 -1745
 -1685
 -1618
 -1547
 -1471
 -1389
 -1303
 -1212
 -1115
 -1013
  -908
  -799
  -684
  -567
  -446
  -322
  -194
   -65
    64
   195
   328
   460
   593
   726
   857
   986
  1115
  1241
  1365
  1485
  1598
  1706
  1807
  1902
  1987
  2064
  2132
  2190
  2240
  2282
  2316
  2342
  2360
  2369
  2369
  2361
  2348
  2327
  2294
  2253
  2206
  2151
  2088
  2016
  1937
  1850
  1757
  1658
  1553
  1441
  1325
  1204
  1075
   941
   804
   661
   513
   361
   207
    50
  -108
  -265
  -420
  -576
  -728
  -876
 -1020
 -1158
 -1289
 -1415
 -1536
 -1647
 -1749
 -1844
 -1932
 -2011
 -2082
 -2148
 -2203
 -2249
 -2290
 -2323
 -2344
 -2355
 -2360
 -2353
 -2334
 -2310
 -2279
 -2235
 -2180
 -2119
 -2054
 -1980
 -1902
 -1821
 -1735
 -1643
 -1550
 -1454
 -1351
 -1242
 -1129
 -1010
  -882
  -752
  -621
  -486
  -347
  -207
   -69
    68
   203
   339
   474
   609
   742
   875
  1004
  1128
  1247
  1364
  1475
  1577
  1670
  1754
  1830
  1897
  1953
  1997
  2028
  2048
  2058
  2057
  2046
  2028
  2002
  1969
  1931
  1890
  1846
  1795
  1737
  1675
  1607
  1534
  1455
  1372
  1285
  1195
  1104
  1012
   919
   826
   733
   637
   542
   448
   353
   258
   164
    70
   -25
  -119
  -212
  -305
  -397
  -487
  -573
  -656
  -735
  -807
  -876
  -941
 -1002
 -1058
 -1111
 -1162
 -1209
 -1252
 -1293
 -1330
 -1361
 -1386
 -1407
 -1422
 -1432
 -1435
 -1433
 -1426
 -1413
 -1396
 -1375
 -1349
 -1322
 -1291
 -1258
 -1223
 -1185
 -1147
 -1106
 -1062
 -1013
  -961
  -906
  -846
  -782
  -715
  -645
  -572
  -497
  -421
  -344
  -265
  -186
  -106
   -26
    54
   133
   212
   293
   372
   449
   526
   600
   673
   743
   808
   870
   928
   984
  1033
  1078
  1118
  1153
  1184
  1210
  1233
  1252
  1265
  1273
  1279
  1280
  1276
  1268
  1252
  1231
  1207
  1178
  1144
  1105
  1062
  1015
   965
   912
   856
   797
   735
   668
   596
   520
   441
   357
   269
   179
    86
    -7
  -100
  -191
  -283
  -374
  -463
  -549
  -632
  -713
  -792
  -869
  -943
 -1011
 -1075
 -1135
 -1191
 -1243
 -1290
 -1332
 -1368
 -1400
 -1429
 -1453
 -1470
 -1481
 -1487
 -1487
 -1482
 -1470
 -1451
 -1425
 -1394
 -1358
 -1316
 -1269
 -1217
 -1162
 -1102
 -1039
  -973
  -904
  -828
  -746
  -661
  -570
  -473
  -370
  -263
  -151
   -33
    88
   210
   337
   467
   598
   730
   863
   995
  1124
  1251
  1376
  1494
  1603
  1706
  1801
  1887
  1963
  2031
  2087
  2133
  2167
  2190
  2203
  2206
  2197
  2176
  2146
  2110
  2064
  2010
  1947
  1878
  1802
  1719
  1632
  1538
  1438
  1334
  1225
  1111
   992
   872
   749
   622
   494
   366
   237
   106
   -24
  -155
  -286
  -418
  -548
  -677
  -805
  -930
 -1052
 -1170
 -1283
 -1390
 -1491
 -1585
 -1672
 -1751
 -1823
 -1888
 -1945
 -1997
 -2041
 -2079
 -2110
 -2134
 -2149
 -2158
 -2158
 -2151
 -2135
 -2111
 -2079
 -2040
 -1993
 -1939
 -1879
 -1815
 -1747
 -1676
 -1602
 -1526
 -1449
 -1370
 -1287
 -1202
 -1116
 -1027
  -935
  -842
  -746
  -648
  -549
  -448
  -344
  -239
  -134
   -30
    75
   180
   282
   383
   485
   587
   686
   784
   884
   984
  1082
  1178
  1271
  1359
  1441
  1519
  1591
  1655
  1711
  1760
  1801
  1834
  1861
  1881
  1892
  1894
  1890
  1881
  1868
  1850
  1826
  1799
  1767
  1731
  1693
  1650
  1600
  1545
  1485
  1420
  1353
  1284
  1210
  1131
  1048
   962
   872
   778
   679
   576
   470
   363
   256
   150
    45
   -61
  -166
  -270
  -372
  -471
  -568
  -663
  -755
  -843
  -925
 -1002
 -1076
 -1145
 -1210
 -1271
 -1327
 -1377
 -1423
 -1464
 -1499
 -1528
 -1551
 -1567
 -1576
 -1579
 -1576
 -1564
 -1545
 -1521
 -1493
 -1459
 -1421
 -1381
 -1340
 -1296
 -1250
 -1202
 -1152
 -1098
 -1040
  -976
  -908
  -836
  -759
  -677
  -590
  -500
  -409
  -316
  -217
  -115
   -12
    94
   203
   313
   422
   529
   638
   745
   845
   941
  1033
  1120
  1200
  1274
  1337
  1387
  1427
  1459
  1479
  1489
  1492
  1487
  1475
  1458
  1438
  1414
  1384
  1347
  1305
  1259
  1208
  1151
  1089
  1021
   950
   876
   798
   719
   638
   555
   470
   386
   301
   217
   134
    51
   -33
  -116
  -197
  -279
  -363
  -448
  -531
  -614
  -695
  -772
  -844
  -913
  -976
 -1034
 -1088
 -1137
 -1181
 -1221
 -1257
 -1286
 -1309
 -1327
 -1340
 -1347
 -1349
 -1346
 -1339
 -1326
 -1308
 -1284
 -1254
 -1219
 -1178
 -1132
 -1084
 -1033
  -982
  -928
  -872
  -816
  -758
  -697
  -634
  -568
  -501
  -431
  -362
  -291
  -221
  -151
   -80
    -7
    66
   139
   215
   291
   366
   443
   521
   599
   675
   751
   827
   903
   979
  1053
  1124
  1191
  1256
  1318
  1373
  1422
  1465
  1501
  1529
  1552
  1571
  1584
  1588
  1587
  1582
  1573
  1559
  1541
  1516
  1486
  1452
  1416
  1373
  1327
  1277
  1222
  1163
  1102
  1039
   971
   900
   824
   743
   659
   572
   481
   386
   287
   186
    83
   -22
  -127
  -234
  -343
  -451
  -559
  -665
  -769
  -871
  -973
 -1072
 -1165
 -1255
 -1343
 -1426
 -1505
 -1581
 -1651
 -1714
 -1773
 -1827
 -1877
 -1918
 -1952
 -1980
 -2002
 -2016
 -2024
 -2027
 -2022
 -2013
 -1999
 -1980
 -1957
 -1932
 -1901
 -1865
 -1824
 -1779
 -1727
 -1667
 -1597
 -1518
 -1431
 -1335
 -1228
 -1112
  -991
  -865
  -731
  -594
  -455
  -316
  -173
   -28