            6271
            4667
            2878
             979
           -1081
           -3259
           -5422
           -7554
           -9653
          -11567
          -13178
          -14570
          -15809
          -16757
          -17235
          -17261
          -16929
          -16196
          -15097
          -13853
          -12465
          -10762
           -8925
           -7265
           -5734
           -4215
           -2798
           -1480
            -157
            1086
            2079
            2868
            3609
            4261
            4635
            4691
            4498
            4061
            3484
            2936
            2329
            1539
             780
             240
            -195
            -574
            -788
            -854
            -853
            -758
            -525
            -158
             348
             983
            1640
            2210
            2774
            3429
            3973
            4204
            4277
            4294
            4117
            3813
            3587
            3346
            2946
            2513
            2121
            1657
            1099
             509
            -164
            -964
           -1750
           -2374
           -2899
           -3388
           -3756
           -4014
           -4219
           -4208
           -3903
           -3553
           -3221
           -2693
           -1991
           -1257
            -417
             518
            1354
            2130
            3015
            3900
            4631
            5315
            6009
            6505
            6762
            7072
            7502
            7769
            7813
            7808
            7681
            7324
            6885
            6402
            5682
            4689
            3571
            2456
            1436
             498
            -432
           -1272
           -1858
           -2178
           -2273
           -2151
           -1918
           -1738
           -1637
           -1541
           -1431
           -1296
           -1124
           -1102
           -1440
           -1871
           -1990
           -2005
           -2334
           -2819
           -3171
           -3498
           -3834
           -4051
           -4309
           -4765
           -5211
           -5573
           -6035
           -6479
           -6614
           -6566
           -6533
           -6270
           -5576
           -4687
           -3713
           -2483
           -1129
              88
            1324
            2712
            4004
            5135
            6219
            7026
            7464
            7946
            8470
            8502
            8098
            7772
            7455
            6900
            6408
            6110
            5615
            4994
            4747
            4670
            4233
            3700
            3376
            2788
            1849
            1262
             953
              92
           -1168
           -2028
           -2570
           -3165
           -3453
           -3192
           -2764
           -2203
           -1147
             205
            1354
            2366
            3376
            4006
            4127
            4229
            4454
            4379
            3962
            3596
            3399
            3266
            3148
            2889
            2345
            1576
             565
            -769
           -2224
           -3594
           -5087
           -6908
           -8777
          -10313
          -11528
          -12606
          -13532
          -14231
          -14641
          -14530
          -13759
          -12580
          -11184
           -9450
           -7473
           -5548
           -3654
           -1718
             -69
            1012
            1738
            2460
            3215
            3869
            4444
            5055
            5683
            6295
            6905
            7387
            7594
            7563
            7296
            6760
            6112
            5459
            4658
            3677
            2662
            1645
             624
            -284
           -1019
           -1661
           -2230
           -2601
           -2737
           -2828
           -2984
           -3141
           -3413
           -3948
           -4541
           -5041
           -5613
           -6183
           -6464
           -6545
           -6614
           -6480
           -5988
           -5397
           -4974
           -4619
           -4151
           -3691
           -3449
           -3349
           -3262
           -3242
           -3292
           -3343
           -3403
           -3393
           -3177
           -2790
           -2285
           -1601
            -691
             466
            1770
            2972
            4031
            5096
            6046
            6670
            7079
            7423
            7607
            7559
            7411
            7300
            7194
            7005
            6766
            6493
            6140
            5795
            5484
            4991
            4284
            3582
            2886
            2083
            1253
             429
            -384
           -1025
           -1499
           -2017
           -2527
           -2788
           -2823
           -2819
           -2780
           -2608
           -2403
           -2320
           -2243
           -2033
           -1855
           -1841
           -1890
           -1955
           -1965
           -1742
           -1384
           -1171
           -1052
            -819
            -486
            -171
              28
              47
             -65
            -248
            -515
            -787
            -897
            -807
            -626
            -376
             106
             901
            1832
            2747
            3643
            4408
            4953
            5448
            5968
            6324
            6417
            6323
            6130
            5960
            5849
            5638
            5202
            4604
            3954
            3326
            2738
            2123
            1398
             629
              35
            -305
            -602
           -1003
           -1381
           -1642
           -1833
           -1938
           -1991
           -2169
           -2453
           -2584
           -2484
           -2310
           -2085
           -1629
            -892
              11
            1153
            2700
            4435
            5967
            7344
            8803
           10181
           11188
           11888
           12396
           12567
           12352
           11966
           11432
           10504
            9166
            7585
            5703
            3493
            1197
           -1159
           -3788
           -6533
           -8982
          -11100
          -13075
          -14839
          -16256
          -17416
          -18372
          -18961
          -19106
          -18896
          -18379
          -17611
          -16642
          -15308
          -13565
          -11808
          -10277
           -8707
           -6979
           -5326
           -3807
           -2325
            -990
              99
            1086
            2038
            2834
            3509
            4237
            4880
            5208
            5422
            5725
            5851
            5649
            5387
            5149
            4812
            4494
            4349
            4297
            4261
            4289
            4430
            4667
            4940
            5195
            5370
            5389
            5269
            5036
            4608
            3988
            3282
            2507
            1725
            1061
             455
            -144
            -620
           -1010
           -1458
           -1921
           -2372
           -2912
           -3548
           -4256
           -5065
           -5973
           -6964
           -7982
           -8917
           -9694
          -10244
          -10509
          -10524
          -10207
           -9437
           -8421
           -7354
           -6074
           -4578
           -3099
           -1619
             -71
            1405
            2799
            4207
            5532
            6622
            7532
            8459
            9409
           10177
           10836
           11645
           12377
           12694
           12839
           12998
           12828
           12124
           11017
            9588
            7923
            6195
            4502
            2833
            1129
            -489
           -1758
           -2718
           -3538
           -4096
           -4395
           -4694
           -4874
           -4611
           -4013
           -3407
           -2951
           -2631
           -2354
           -2140
           -2077
           -2148
           -2434
           -3027
           -3647
           -4032
           -4291
           -4506
           -4727
           -5144
           -5703
           -6138
           -6414
           -6606
           -6739
           -6786
           -6562
           -5953
           -5097
           -4095
           -3020
           -2081
           -1314
            -587
             149
             954
            1791
            2456
            2979
            3551
            4130
            4619
            4954
            5016
            4897
            4799
            4681
            4523
            4420
            4299
            4109
            3941
            3781
            3619
            3472
            3186
            2695
            2156
            1604
             906
             -38
           -1174
           -2232
           -3090
           -3950
           -4720
           -5012
           -4823
           -4342
           -3506
           -2286
            -822
             741
            2234
            3609
            4934
            6136
            7111
            7834
            8270
            8591
            9050
            9400
            9244
            8726
            8087
            7133
            5650
            3869
            2124
             254
           -2066
           -4513
           -6587
           -8499
          -10554
          -12537
          -14325
          -15904
          -16869
          -17012
          -16689
          -16042
          -14822
          -13085
          -11200
           -9296
           -7285
           -5365
           -3897
           -2766
           -1572
            -311
             813
            1807
            2704
            3581
            4613
            5709
            6637
            7448
            8186
            8700
            9042
            9345
            9491
            9356
            9001
            8454
            7709
            6875
            6041
            5128
            4128
            3316
            2877
            2644
            2556
            2741
            2991
            2997
            2907
            2874
            2693
            2298
            1871
            1450
            1039
             748
             506
              89
            -469
            -940
           -1332
           -1817
           -2314
           -2644
           -2908
           -3252
           -3619
           -3995
           -4479
           -5083
           -5790
           -6570
           -7202
           -7489
           -7508
           -7352
           -6944
           -6271
           -5486
           -4671
           -3802
           -2922
           -2097
           -1251
            -294
             778
            2001
            3355
            4647
            5798
            6913
            7937
            8725
            9355
            9912
           10235
           10229
           10074
            9885
            9511
            8814
            7801
            6482
            4982
            3555
            2149
             507
           -1182
           -2547
           -3678
           -4695
           -5322
           -5523
           -5709
           -5987
           -6023
           -5714
           -5322
           -5029
           -4836
           -4745
           -4637
           -4308
           -3918
           -3780
           -3753
           -3606
           -3526
           -3595
           -3596
           -3581
           -3798
           -4215
           -4667
           -5036
           -5215
           -5265
           -5348
           -5411
           -5258
           -4868
           -4390
           -3866
           -3235
           -2582
           -1988
           -1273
            -359
             526
            1306
            2030
            2575
            3021
            3606
            4118
            4301
            4379
            4482
            4453
            4383
            4408
            4288
            3862
            3413
            3164
            2862
            2262
            1551
             866
              33
            -888
           -1675
           -2444
           -3227
           -3749
           -3997
           -4051
           -3659
           -2759
           -1629
            -304
            1348
            3262
            5238
            7011
            8423
            9586
           10548
           11068
           10997
           10563
           10074
            9498
            8627
            7691
            7110
            6763
            6311
            5756
            5112
            4293
            3278
            1826
            -278
           -2727
           -5240
           -7936
          -10723
          -13262
          -15443
          -17250
          -18611
          -19502
          -19830
          -19439
          -18397
          -16987
          -15289
          -13048
          -10271
           -7521
           -5061
           -2600
            -273
            1470
            2787
            3931
            4695
            5135
            5565
            5914
            6112
            6419
            6837
            7076
            7081
            6982
            6723
            6165
            5440
            4757
            3995
            3075
            2286
            1689
            1041
             437
              -4
            -549
           -1209
           -1709
           -2165
           -2748
           -3212
           -3392
           -3475
           -3575
           -3542
           -3257
           -2870
           -2522
           -2031
           -1302
            -550
             203
            1094
            1946
            2528
            2830
            2799
            2362
            1628
             750
            -223
           -1302
           -2406
           -3252
           -3713
           -3997
           -4130
           -3896
           -3345
           -2608
           -1565
            -215
            1229
            2711
            4237
            5668
            6884
            7958
            8989
            9844
           10354
           10717
           11183
           11590
           11812
           12002
           12052
           11733
           11213
           10629
            9727
            8412
            6908
            5273
            3409
            1508
            -122
           -1609
           -3286
           -4970
           -6264
           -7279
           -8208
           -8869
           -9285
           -9671
           -9772
           -9332
           -8725
           -8276
           -7818
           -7323
           -7012
           -6762
           -6268
           -5665
           -5242
           -4779
           -3899
           -2705
           -1428
             -71
            1189
            2085
            2751
            3338
            3623
            3522
            3207
            2648
            1848
            1124
             651
             276
             -63
            -276
            -342
            -209
             241
             914
            1546
            2133
            2856
            3622
            4259
            4913
            5573
            5810
            5543
            5171
            4749
            4016
            3018
            1922
             741
            -366
           -1158
           -1719
           -2271
           -2767
           -3071
           -3295
           -3624
           -4036
           -4491
           -5111
           -5878
           -6528
           -6897
           -6967
           -6733
           -6278
           -5599
           -4467
           -2916
           -1417
            -197
            1004
            2337
            3606
            4639
            5453
            6085
            6521
            6831
            7087
