627
466
287
97
-108
-325
-542
-755
-965
-1156
-1317
-1457
-1580
-1675
-1723
-1726
-1692
-1619
-1509
-1385
-1246
-1076
-892
-726
-573
-421
-279
-148
-15
108
207
286
360
426
463
469
449
406
348
293
232
153
78
24
-19
-57
-78
-85
-85
-75
-52
-15
34
98
164
221
277
342
397
420
427
429
411
381
358
334
294
251
212
165
109
50
-16
-96
-175
-237
-289
-338
-375
-401
-421
-420
-390
-355
-322
-269
-199
-125
-41
51
135
213
301
390
463
531
600
650
676
707
750
776
781
780
768
732
688
640
568
468
357
245
143
49
-43
-127
-185
-217
-227
-215
-191
-173
-163
-154
-143
-129
-112
-110
-144
-187
-199
-200
-233
-281
-317
-349
-383
-405
-430
-476
-521
-557
-603
-647
-661
-656
-653
-627
-557
-468
-371
-248
-112
8
132
271
400
513
621
702
746
794
847
850
809
777
745
690
640
611
561
499
474
467
423
370
337
278
184
126
95
9
-116
-202
-257
-316
-345
-319
-276
-220
-114
20
135
236
337
400
412
422
445
437
396
359
339
326
314
288
234
157
56
-76
-222
-359
-508
-690
-877
-1031
-1152
-1260
-1353
-1423
-1464
-1453
-1375
-1258
-1118
-945
-747
-554
-365
-171
-6
101
173
246
321
386
444
505
568
629
690
738
759
756
729
676
611
545
465
367
266
164
62
-28
-101
-166
-223
-260
-273
-282
-298
-314
-341
-394
-454
-504
-561
-618
-646
-654
-661
-648
-598
-539
-497
-461
-415
-369
-344
-334
-326
-324
-329
-334
-340
-339
-317
-279
-228
-160
-69
46
177
297
403
509
604
667
707
742
760
755
741
730
719
700
676
649
614
579
548
499
428
358
288
208
125
42
-38
-102
-149
-201
-252
-278
-282
-281
-278
-260
-240
-232
-224
-203
-185
-184
-189
-195
-196
-174
-138
-117
-105
-81
-48
-17
2
4
-6
-24
-51
-78
-89
-80
-62
-37
10
90
183
274
364
440
495
544
596
632
641
632
613
596
584
563
520
460
395
332
273
212
139
62
3
-30
-60
-100
-138
-164
-183
-193
-199
-216
-245
-258
-248
-231
-208
-162
-89
1
115
270
443
596
734
880
1018
1118
1188
1239
1256
1235
1196
1143
1050
916
758
570
349
119
-115
-378
-653
-898
-1110
-1307
-1483
-1625
-1741
-1837
-1896
-1910
-1889
-1837
-1761
-1664
-1530
-1356
-1180
-1027
-870
-697
-532
-380
-232
-99
9
108
203
283
350
423
488
520
542
572
585
564
538
514
481
449
434
429
426
428
443
466
494
519
537
538
526
503
460
398
328
250
172
106
45
-14
-62
-101
-145
-192
-237
-291
-354
-425
-506
-597
-696
-798
-891
-969
-1024
-1050
-1052
-1020
-943
-842
-735
-607
-457
-309
-161
-7
140
279
420
553
662
753
845
940
1017
1083
1164
1237
1269
1283
1299
1282
1212
1101
958
792
619
450
283
112
-48
-175
-271
-353
-409
-439
-469
-487
-461
-401
-340
-295
-263
-235
-214
-207
-214
-243
-302
-364
-403
-429
-450
-472
-514
-570
-613
-641
-660
-673
-678
-656
-595
-509
-409
-302
-208
-131
-58
14
95
179
245
297
355
413
461
495
501
489
479
468
452
442
429
410
394
378
361
347
318
269
215
160
90
-3
-117
-223
-309
-395
-472
-501
-482
-434
-350
-228
-82
74
223
360
493
613
711
783
827
859
905
940
924
872
808
713
565
386
212
25
-206
-451
-658
-849
-1055
-1253
-1432
-1590
-1686
-1701
-1668
-1604
-1482
-1308
-1120
-929
-728
-536
-389
-276
-157
-31
81
180
270
358
461
570
663
744
818
870
904
934
949
935
900
845
770
687
604
512
412
331
287
264
255
274
299
299
290
287
269
229
187
145
103
74
50
8
-46
-94
-133
-181
-231
-264
-290
-325
-361
-399
-447
-508
-579
-657
-720
-748
-750
-735
-694
-627
-548
-467
-380
-292
-209
-125
-29
77
200
335
464
579
691
793
872
935
991
1023
1022
1007
988
951
881
780
648
498
355
214
50
-118
-254
-367
-469
-532
-552
-570
-598
-602
-571
-532
-502
-483
-474
-463
-430
-391
-378
-375
-360
-352
-359
-359
-358
-379
-421
-466
-503
-521
-526
-534
-541
-525
-486
-439
-386
-323
-258
-198
-127
-35
52
130
203
257
302
360
411
430
437
448
445
438
440
428
386
341
316
286
226
155
86
3
-88
-167
-244
-322
-374
-399
-405
-365
-275
-162
-30
134
326
523
701
842
958
1054
1106
1099
1056
1007
949
862
769
711
676
631
575
511
429
327
182
-27
-272
-524
-793
-1072
-1326
-1544
-1725
-1861
-1950
-1983
-1943
-1839
-1698
-1528
-1304
-1027
-752
-506
-260
-27
147
278
393
469
513
556
591
611
641
683
707
708
698
672
616
544
475
399
307
228
168
104
43
0
-54
-120
-170
-216
-274
-321
-339
-347
-357
-354
-325
-287
-252
-203
-130
-55
20
109
194
252
283
279
236
162
75
-22
-130
-240
-325
-371
-399
-413
-389
-334
-260
-156
-21
122
271
423
566
688
795
898
984
1035
1071
1118
1159
1181
1200
1205
1173
1121
1062
972
841
690
527
340
150
-12
-160
-328
-497
-626
-727
-820
-886
-928
-967
-977
-933
-872
-827
-781
-732
-701
-676
-626
-566
-524
-477
-389
-270
-142
-7
118
208
275
333
362
352
320
264
184
112
65
27
-6
-27
-34
-20
24
91
154
213
285
362
425
491
557
581
554
517
474
401
301
192
74
-36
-115
-171
-227
-276
-307
-329
-362
-403
-449
-511
-587
-652
-689
-696
-673
-627
-559
-446
-291
-141
-19
100
233
360
463
545
608
652
683
708
