4432
4459
4047
3762
3817
3723
3426
3354
3403
3166
2806
2661
2574
2337
2102
1928
1669
1467
1536
1579
1275
952
915
823
455
172
72
-200
-599
-789
-941
-1293
-1506
-1370
-1328
-1610
-1877
-1973
-2082
-2229
-2408
-2772
-3159
-3208
-3104
-3276
-3482
-3308
-3121
-3409
-3785
-3768
-3741
-4134
-4539
-4508
-4327
-4312
-4262
-4051
-3923
-3975
-4078
-4215
-4362
-4390
-4376
-4477
-4499
-4276
-4134
-4244
-4190
-3831
-3663
-3843
-3934
-3811
-3774
-3815
-3723
-3613
-3640
-3621
-3393
-3134
-3089
-3270
-3466
-3441
-3203
-3045
-3131
-3210
-2977
-2561
-2414
-2656
-2839
-2655
-2416
-2452
-2578
-2567
-2476
-2315
-2077
-1981
-2080
-2114
-2045
-2011
-1868
-1601
-1573
-1715
-1522
-1154
-1176
-1407
-1405
-1400
-1619
-1691
-1472
-1296
-1204
-986
-727
-500
-108
374
559
408
264
250
168
-120
-512
-725
-529
-61
290
394
524
830
1024
856
513
306
230
103
-81
-157
-50
61
-4
-97
-2
117
15
-157
-228
-340
-479
-434
-345
-410
-366
-117
-73
-239
-141
93
-15
-269
-249
-158
-251
-322
-252
-164
-46
104
185
316
662
976
966
842
980
1353
1600
1525
1369
1442
1654
1726
1673
1646
1683
1899
2331
2645
2678
2846
3315
3605
3551
3546
3645
3568
3472
3643
3861
3894
3978
4282
4576
4694
4720
4680
4559
4476
4527
4631
4692
4765
4926
5114
5191
5108
4921
4738
4693
4801
4831
4636
4504
4697
4858
4594
4235
4197
4245
4138
4149
4346
4346
4133
4035
3988
3739
3409
3133
2851
2705
2789
2720
2335
2114
2216
2120
1680
1394
1401
1325
1064
874
830
769
563
212
-166
-386
-438
-573
-955
-1325
-1342
-1180
-1263
-1558
-1740
-1853
-2098
-2331
-2441
-2639
-2906
-2950
-2904
-3111
-3364
-3338
-3334
-3670
-4041
-4143
-4140
-4172
-4147
-4110
-4102
-3995
-3852
-3922
-4064
-3988
-3920
-4165
-4401
-4312
-4206
-4322
-4399
-4329
-4310
-4284
-4108
-3941
-3867
-3742
-3635
-3682
-3707
-3603
-3597
-3715
-3720
-3646
-3652
-3596
-3372
-3199
-3220
-3281
-3239
-3140
-3110
-3154
-3109
-2932
-2827
-2840
-2738
-2489
-2362
-2457
-2628
-2719
-2603
-2320
-2152
-2210
-2255
-2153
-2008
-1864
-1732
-1704
-1744
-1677
-1440
-1154
-1075
-1340
-1623
-1567
-1456
-1630
-1687
-1271
-762
-424
-73
208
314
537
780
507
-68
-257
-157
-177
-117
166
362
469
732
970
966
904
858
661
380
273
401
618
695
505
231
118
135
148
70
-152
-334
-180
124
153
13
28
34
-150
-262
-180
-107
-47
76
104
-3
-35
7
-40
-122
-170
-273
-358
-234
30
245
412
607
828
1042
1166
1152
1107
1082
960
825
937
1210
1362
1475
1716
1882
1881
2016
2342
2551
2636
2817
3001
3034
3066
3167
3195
3178
3256
3405
3616
3913
4066
3901
3762
3979
4281
4290
4124
4104
4287
4514
4603
4512
4421
4504
4702
4852
4913
4876
4694
4423
4248
4224
4218
4145
4064
4038
4113
4327
4479
4306
4000
3996
4145
3962
3558
3374
3330
3140
2889
2677
2435
2279
2330
2349
2166
1971
1862
1741
1640
1545
1246
816
633
715
690
498
410
396
153
-291
-632
-888
-1292
-1677
-1740
-1652
-1674
-1671
-1590
-1676
-1881
-2014
-2263
-2706
-2972
-2988
-3092
-3269
-3341
-3469
-3666
-3682
-3685
-3964
-4243
-4237
-4168
-4161
-4047
-3836
-3637
-3515
-3637
-3946
-4069
-4055
-4285
-4604
-4622
-4462
-4312
-4094
-3942
-3986
-3961
-3851
-3936
-3984
-3675
-3447
-3619
-3714
-3483
-3302
-3309
-3378
-3533
-3641
-3519
-3437
-3586
-3591
-3328
-3206
-3240
-3067
-2789
-2727
-2746
-2639
-2543
-2561
-2508
-2305
-2110
-2059
-2104
-2145
-2167
-2158
-2045
-1871
-1809
-1845
-1755
-1511
-1333
-1312
-1356
-1389
-1326
-1113
-863
-672
-429
-144
-35
-31
187
472
351
-57
-197
-29
69
63
184
480
889
1241
1256
1038
1046
1196
970
538
501
733
769
721
784
756
622
568
454
230
267
541
567
407
516
744
683
498
467
419
239
183
355
518
535
524
572
578
455
279
186
214
323
495
734
1021
1309
1531
1616
1549
1413
1348
1379
1370
1308
1389
1641
1807
1824
1916
2098
2193
2244
2340
2412
2548
2885
3140
3093
3114
3394
3452
3178
3156
3439
3469
3355
3648
4072
4041
3833
3907
4001
3869
3835
4024
4185
4345
4598
4685
4552
4523
4569
4389
4176
4230
4349
4332
4362
4448
4346
4143
4123
4256
4277
4096
3922
3981
4118
4031
3884
3941
3905
3522
3200
3137
2932
2546
2368
2355
2316
2403
2512
2280
1875
1605
1262
822
732
970
1082
1058
1069
959
671
306
-250
-970
-1436
-1496
-1430
-1376
-1306
-1289
-1308
-1297
-1414
-1761
-2106
-2299
-2480
-2720
-2913
-3000
-3038
-3089
-3189
-3334
-3515
-3706
-3846
-3900
-3883
-3800
-3690
-3629
-3572
-3458
-3460
-3743
-4097
-4241
-4195
-4091
-4022
-4003
-3908
-3725
-3731
-3944
-4012
-3970
-4132
-4250
-3980
-3660
-3579
-3439
-3177
-3072
-3049
-2973
-3081
-3341
-3406
-3356
-3432
-3472
-3386
-3344
-3239
-2952
-2807
-2927
-2930
-2695
-2468
-2321
-2247
-2322
-2409
-2351
-2340
-2493
-2611
-2651
-2669
-2456
-2000
-1762
-1889
-1965
-1788
-1619
-1662
-1877
-2082
-2026
-1724
-1523
-1502
-1326
-921
-598
-458
-378
-369
-432
-439
-440
-559
-638
-539
-433
-350
-107
126
53
-24
288
648
621
479
515
465
222
106
153
76
-86
-95
12
109
218
257
107
-39
45
198
223
275
418
404
255
299
424
233
-69
6
285
308
206
322
577
747
765
617
454
537
773
859
876
1077
1350
1505
1632
1762
1751
1618
1523
1494
1518
1649
1855
2026
2143
2297
2501
2657
2740
2846
2976
3016
3041
3205
3383
3420
3452
3536
3524
3491
3572
3587
3527
3686
3885
3767
3751
4226
4536
4219
3972
4223
4399
4228
4110
4134
4128
4216
4387
4328
4127
4169
4332
4228
3996
3989
4066
3978
3918
4025
3983
3729
3729
3990
3898
3431
3232
3341
3250
2971
2811
2641
2360
2232
2275
2183
1949
1784
1696
1607
1516
1379
1171
1009
965
905
653
299
131
89
-281
-947
-1246
-1053
-1004
-1274
-1419
-1390
-1456
-1529
-1580
-1873
-2274
-2391
-2401
-2633
-2861
-2915
-3083
-3347
-3330
-3201
-3409
-3728
-3697
-3543
-3664
-3870
-3905
-3919
-3973
-3900
-3834
-3995
-4135
-4003
-3897
-4046
-4171
-4108
-4093
-4208
-4311
-4378
-4388
-4240
-4047
-4003
-3970
-3757
-3555
-3587
-3701
-3665
-3549
-3544
-3651
-3684
-3575
-3486
-3574
-3726
-3685
-3416
-3190
-3203
-3225
-2968
-2679
-2762
-2991
-2896
-2619
-2539
-2586
-2596
-2583
-2418
-2091
-2009
-2205
-2113
-1723
-1633
-1783
-1726
-1694
-1925
-1936
-1585
-1425
-1459
-1202
-827
-710
-574
-247
-122
-219
-152
-29
-158
-313
-236
-134
-126
-21
228
472
649
760
791
760
709
673
671
657
651
711
690
489
437
681
717
375
270
529
531
277
308
490
460
471
631
607
532
694
717
421
373
672
753
642
736
794
543
332
354
350
324
485
727
906
1115
1376
1561
1550
1340
1173
1330
1600
1542
1279
1285
1614
1953
2060
1940
1888
2153
2470
2485
2387
2463
2597
2722
2933
3059
2987
3018
3231
3287
3171
3186
3330
3449
3536
3516
3400
