-2104
-2145
-2167
-2158
-2045
-1871
-1809
-1845
-1755
-1511
-1333
-1312
-1356
-1389
-1326
-1113
-863
-672
-429
-144
-35
-31
187
472
351
-57
-197
-29
69
63
184
480
889
1241
1256
1038
1046
1196
970
538
501
733
769
721
784
756
622
568
454
230
267
541
567
407
516
744
683
498
467
419
239
183
355
518
535
524
572
578
455
279
186
214
323
495
734
1021
1309
1531
1616
1549
1413
1348
1379
1370
1308
1389
1641
1807
1824
1916
2098
2193
2244
2340
2412
2548
2885
3140
3093
3114
3394
3452
3178
3156
3439
3469
3355
3648
4072
4041
3833
3907
4001
3869
3835
4024
4185
4345
4598
4685
4552
4523
4569
4389
4176
4230
4349
4332
4362
4448
4346
4143
4123
4256
4277
4096
3922
3981
4118
4031
3884
3941
3905
3522
3200
3137
2932
2546
2368
2355
2316
2403
2512
2280
1875
1605
1262
822
732
970
1082
1058
1069
959
671
306
-250
-970
-1436
-1496
-1430
-1376
-1306
-1289
-1308
-1297
-1414
-1761
-2106
-2299
-2480
-2720
-2913
-3000
-3038
-3089
-3189
-3334
-3515
-3706
-3846
-3900
-3883
-3800
-3690
-3629
-3572
-3458
-3460
-3743
-4097
-4241
-4195
-4091
-4022
-4003
-3908
-3725
-3731
-3944
-4012
-3970
-4132
-4250
-3980
-3660
-3579
-3439
-3177
-3072
-3049
-2973
-3081
-3341
-3406
-3356
-3432
-3472
-3386
-3344
-3239
-2952
-2807
-2927
-2930
-2695
-2468
-2321
-2247
-2322
-2409
-2351
-2340
-2493
-2611
-2651
-2669
-2456
-2000
-1762
-1889
-1965
-1788
-1619
-1662
-1877
-2082
-2026
-1724
-1523
-1502
-1326
-921
-598
-458
-378
-369
-432
-439
-440
-559
-638
-539
-433
-350
-107
126
53
-24
288
648
621
479
515
465
222
106
153
76
-86
-95
12
109
218
257
107
-39
45
198
223
275
418
404
255
299
424
233
-69
6
285
308
206
322
577
747
765
617
454
537
773
859
876
1077
1350
1505
1632
1762
1751
1618
1523
1494
1518
1649
1855
2026
2143
2297
2501
2657
2740
2846
2976
3016
3041
3205
3383
3420
3452
3536
3524
3491
3572
3587
3527
3686
3885
3767
3751
4226
4536
4219
3972
4223
4399
4228
4110
4134
4128
4216
4387
4328
4127
4169
4332
4228
3996
3989
4066
3978
3918
4025
3983
3729
3729
3990
3898
3431
3232
3341
3250
2971
2811
2641
2360
2232
2275
2183
1949
1784
1696
1607
1516
1379
1171
1009
965
905
653
299
131
89
-281
-947
-1246
-1053
-1004
-1274
-1419
-1390
-1456
-1529
-1580
-1873
-2274
-2391
-2401
-2633
-2861
-2915
-3083
-3347
-3330
-3201
-3409
-3728
-3697
-3543
-3664
-3870
-3905
-3919
-3973
-3900
-3834
-3995
-4135
-4003
-3897
-4046
-4171
-4108
-4093
-4208
-4311
-4378
-4388
-4240
-4047
-4003
-3970
-3757
-3555
-3587
-3701
-3665
-3549
-3544
-3651
-3684
-3575
-3486
-3574
-3726
-3685
-3416
-3190
-3203
-3225
-2968
-2679
-2762
-2991
-2896
-2619
-2539
-2586
-2596
-2583
-2418
-2091
-2009
-2205
-2113
-1723
-1633
-1783
-1726
-1694
-1925
-1936
-1585
-1425
-1459
-1202
-827
-710
-574
-247
-122
-219
-152
-29
-158
-313
-236
-134
-126
-21
228
472
649
760
791
760
709
673
671
657
651
711
690
489
437
681
717
375
270
529
531
277
308
490
460
471
631
607
532
694
717
421
373
672
753
642
736
794
543
332
354
350
324
485
727
906
1115
1376
1561
1550
1340
1173
1330
1600
1542
1279
1285
1614
1953
2060
1940
1888
2153
2470
2485
2387
2463
2597
2722
2933
3059
2987
3018
3231
3287
3171
3186
3330
3449
3536
3516
3400
