00000000000000 
00000000000000 
00000000000000 
00000000000000 
00000000000000 
00000000000000 
00000000000000 
00000000000000 
00000000000000 
00000000000000 
00000000000000 
00000000000000 
00000000000000 
00000011010110 
11111111011000 
00000100101011 
00000000011001 
00000001001111 
00000000011000 
00000000101100 
11111110110000 
00000000000010 
11111111101111 
11111111100100 
11111111101101 
11111111000101 
00000001000011 
11111101100100 
00000101101110 
11111111011001 
00000001100100 
00000000100000 
00000001001100 
11111111101001 
00000000011101 
11111111111100 
00000000000011 
11111111111010 
11111111011010 
11111111111101 
11111011010010 
00000110100011 
11111110101111 
00000001010101 
00000000000000 
00000000111111 
11111111111111 
00000000011111 
00000000001101 
00000000011001 
00000000000000 
11111111100011 
00000101110010 
11111001000101 
00000100010001 
00000000100111 
00000001100101 
11111111010011 
11111110110011 
11111111101000 
11111111011111 
11111111111111 
11111111110010 
11111111101010 
11111111111000 
00000011000101 
11110111011000 
00001000100011 
00000010010111 
00000010111101 
11111111010111 
11111110011100 
11111111000011 
00000000000010 
11111111101010 
11111111111100 
11111111000100 
11111111010101 
00000011111000 
11111010010101 
00001001110000 
11111111100100 
11111111011101 
11111111100001 
00000001010010 
11111111101100 
11111111101000 
00000000100011 
11111111101011 
11111111011111 
11111111011100 
11111111111110 
11110111001111 
00001011100011 
11111111000011 
00000000001110 
11111101100100 
00000001111010 
11111111000111 
00000000000110 
11111111101111 
11111111100111 
11111111001001 
11111111001011 
00000111010011 
00000000000101 
00000011111011 
00000010010100 
00000000100000 
11111111001011 
00000001101000 
11111110101001 
11111111101001 
00000000001010 
11111111011000 
11111111001101 
11111111010000 
00001010100000 
11111110100010 
00000100000111 
00000011010110 
00000001000011 
11111110111011 
00000001010000 
11111110101001 
11111111111001 
00000000011011 
11111111110111 
11111111011100 
11111111011100 
00000111010100 
11111011110111 
00000101100100 
00000000001000 
00000000001111 
11111111110110 
00000000100011 
00000000010000 
00000000011111 
11111111110111 
00000000010010 
11111111111110 
11111111100100 
00001000111011 
11111010111111 
00001000000011 
00000011110001 
00000001001100 
11111110011000 
11111111110100 
11111110110111 
11111111110111 
11111111000000 
11111111001110 
11111111101000 
11111111100111 
00001101010110 
11111101110100 
00000011100011 
00000001001101 
11111111011100 
11111110000001 
00000001001010 
11111111111100 
00000000101001 
00000000000000 
11111111010110 
11111111111101 
11111111001011 
00001101010000 
11111101101110 
00000011011001 
00000100011000 
00000000000111 
11111101111110 
00000001111000 
11111110010011 
11111111111101 
00000000011101 
11111111000101 
11111111011101 
11111111001110 
00001100110011 
11111010010011 
00000011001101 
00000010000101 
00000000110000 
11111110010010 
11111111101111 
11111111001010 
00000000010000 
11111111111010 
00000000100111 
00000000010100 
11111111010000 
00001111001000 
11111010110101 
00000000110010 
00000010011011 
11111111011001 
11111101000011 
00000010010011 
11111111001010 
00000000110010 
00000000010111 
11111110111000 
00000000001100 
11111111011100 
