00000000000000 
00000000000000 
00000000000000 
00000000000000 
00000000000000 
00000000000000 
00000000000000 
00000000000000 
00000000000000 
00000000000000 
00000000000000 
00000000000000 
00000000000000 
00000011001011 
11111010101111 
11111111110010 
11111101111110 
00000001000100 
11111110010010 
00000001011111 
11111111011010 
00000000000000 
11111111010110 
00000001011001 
00000000010101 
11111111111011 
00000110001010 
11111110100100 
00000100010011 
11111100110010 
00000010101110 
11111011111111 
00000001110001 
11111111000010 
11111111100111 
11111110001111 
00000001000100 
11111110110000 
00000000011000 
00000101100011 
11111011110101 
00000001110101 
11111011000011 
00000011010100 
11111011101111 
00000001010001 
11111101110010 
00000000010100 
11111110100111 
00000001011010 
11111110100111 
11111111110010 
00000000111000 
11111111010101 
00000010010011 
11111111111100 
00000010011011 
11111111100111 
00000001110111 
11111111101000 
00000001110111 
11111111011111 
00000000101010 
11111111011100 
00000000001001 
11111111001001 
11111100001101 
00000011000110 
11111100011101 
00000001111010 
11111101001111 
00000001110100 
11111110011100 
00000000110110 
11111110001111 
00000001101101 
11111111000000 
00000000000110 
11111011100001 
11111101010110 
00000101011010 
11111101010101 
00000011000101 
11111110000001 
00000001011110 
11111101111001 
00000001101111 
11111101110101 
00000001100101 
11111110101011 
00000000111101 
11111001010011 
11111010000101 
00000110100100 
11111100010000 
00000011101011 
11111101111110 
00000010010101 
11111101010100 
00000010011110 
11111101011111 
00000010100001 
11111110101000 
00000001000100 
00000100110011 
00000001101001 
00000100001001 
00000001001011 
00000010011110 
11111110100110 
00000001110110 
11111110110010 
00000000011010 
11111111101011 
00000000010011 
11111110100111 
11111111011001 
00000101100100 
00000001010101 
00000101000010 
00000000101111 
00000100000100 
11111101010000 
00000001011001 
11111101100101 
00000000100110 
11111111011100 
00000000011111 
11111110010000 
11111111111100 
00000100011100 
11111110101110 
00000100011101 
11111101110101 
00000100000011 
11111100010110 
00000000011101 
11111101100100 
00000000011100 
11111101111111 
00000001110111 
11111101111111 
00000000101011 
00000100010000 
11111101101001 
00000110001101 
00000001001001 
00000011111010 
11111011111010 
00000000010001 
11111110100111 
00000000001011 
11111110011110 
00000000111100 
11111110001000 
00000000001011 
00000011100000 
11111111110111 
00000010001100 
11111100110101 
00000001011011 
11111110001111 
00000001100111 
11111111110001 
00000000101001 
11111110110101 
00000000011111 
11111110110000 
11111111010001 
00000111110010 
11111111000110 
00000010110001 
11111010001110 
00000010001111 
11111101111100 
00000001100111 
11111111100000 
00000000010001 
11111110111011 
00000001000000 
11111111011111 
11111111000011 
00000100111010 
00000010111001 
00000100100110 
11111101000011 
00000001011100 
11111100100000 
00000001110100 
11111111100101 
11111111111001 
11111111010111 
00000001101010 
11111110011100 
11111111100001 
00000110110100 
00000001101111 
00000110011000 
11111100111001 
00000001000100 
11111010111001 
00000001001100 
11111111101010 
00000000110001 
11111110011000 
00000001001111 
11111110100010 
11111111110000 
